2
3
4
5
7
8
9
11
12
13
14
15
17
18
19
24
25
26
27
28
29
30
31
32
33
34
35
36
37
38
40
41
42
43
44
45
46
47
48
50
51
52
53
56
57
58
59
60
61
62
64
65
69
70
71
72
74
75
77
78
79
81
83
84
85
86
87
88
89
90
91
92
93
94
95
96
97
98
99
100
101
102
103
106
108
110
111
112
113
114
116
117
118
119
120
121
124
125
126
127
128
129
130
131
132
133
134
135
138
140
141
142
144
145
147
148
151
152
154
157
158
159
160
162
163
164
165
168
169
171
172
173
176
177
178
180
181
182
183
186
187
188
189
190
191
194
195
197
198
201
202
203
204
205
207
208
209
211
212
213
214
215
216
217
218
221
222
225
226
228
229
230
231
232
233
234
235
236
240
241
243
244
245
247
248
249
250
252
253
254
255
256
257
258
259
260
263
265
267
268
273
275
276
278
280
281
282
285
286
287
288
289
290
291
292
293
294
296
298
299
300
303
304
306
307
308
309
310
311
312
313
314
315
316
317
318
321
322
323
324
325
326
327
329
330
331
335
336
337
338
339
341
342
343
345
346
347
348
349
350
351
353
354
355
357
358
359
360
361
363
364
365
366
367
368
369
370
371
373
374
375
376
377
378
379
380
381
383
