2 	AY048736.1	1627	1696
3 	FJ012882.1	41249	41327
4 	KC907349.1	335712	335773
5 	AB462903.1	1396	1471
7 	AE006468.1	1707523	1707609
8 	FJ917747.1	529	587
9 	CP002167.1	3118352	3118425
11 	CP000038.1	3589675	3589734
12 	CP001182.1	2162972	2163043
13 	AF090987.1	1653	1717
14 	CP005288.1	407367	407435
15 	X05045.1	1015	1107
17 	L08389.1	887	961
18 	L08389.1	947	1021
19 	M77505.1	1425	1487
24 	AF275830.1	43	144
25 	DQ831144.1	949	1049
26 	AB042549.1	226	326
27 	AE015928.1	726684	726750
28 	AF180955.1	461	528
29 	AB675725.1	805	863
30 	AF492449.1	1102	1163
31 	AE005174.2	5262946	5263096
32 	AY960293.2	293	360
33 	AY171093.1	392	455
34 	AP013064.1	30728	30793
35 	CP000758.1	2712723	2712780
36 	CP000438.1	933623	933704
37 	CP003684.1	320175	320244
38 	AY536743.1	1816	1887
40 	DQ149135.1	406	513
41 	CP003745.1	87774	87835
42 	HQ150085.1	392	460
43 	FJ172675.1	2094	2164
44 	CU459141.1	3657388	3657458
45 	CU459141.1	3657388	3657458
46 	AY112998.1	416	583
47 	U60294.1	42	293
48 	EF601224.1	1259	1328
50 	CP006689.1	336656	336756
51 	GU264003.1	17872	17934
52 	CP003856.1	2826776	2826838
53 	CP000441.1	1688286	1688408
56 	CP003745.1	94531	94591
57 	CP004047.1	2980870	2980931
58 	GU585907.1	44207	44301
59 	CP003684.1	148125	148209
60 	KJ543551.1	1883	1948
61 	CP002167.1	3116270	3116331
62 	CP002729.1	520736	520805
64 	CP007311.1	3875075	3875141
65 	AY780889.1	7497	7597
69 	U01917.1	425	488
70 	U01917.1	1788	1876
71 	AY870595.1	237	303
72 	EU151754.1	956	1019
74 	AY008284.1	414	486
75 	CP004057.1	1712142	1712284
77 	DQ516939.1	499	574
78 	AM905080.1	62	131
79 	CP002365.1	607052	607179
81 	CP002516.1	250445	250504
83 	CP007339.1	1996720	1996857
84 	CP001127.1	1209635	1209703
85 	AE005174.2	1568537	1568606
86 	CP002516.1	2873300	2873373
87 	AF261825.2	47208	47274
88 	CP009072.1	839534	839599
89 	CP006831.1	472012	472090
90 	CP000967.1	1641392	1641451
91 	AF462611.1	382	447
92 	CP009116.1	5812	5897
93 	CP000604.1	127666	127768
94 	CP003739.1	32763	32835
95 	CP003739.1	32816	32881
96 	KF921545.1	1489	1555
97 	KJ851208.1	1111	1175
98 	HM853621.1	449	517
99 	KC511628.1	6022	6122
100 	EU434606.1	523	625
101 	CP003684.1	147111	147211
102 	CP007270.1	524735	524794
103 	HG941718.1	514975	515054
106 	AF504909.1	514	614
108 	DQ173299.1	1280	1387
110 	AF411146.1	613	763
111 	AF373217.2	558	703
112 	AF055067.1	2530	2650
113 	AY007369.1	408	550
114 	AY171091.1	659	759
116 	GQ983292.1	172	234
117 	KJ802539.1	240	331
118 	AY954516.1	542	601
119 	EF592571.1	6270	6331
120 	GQ139471.1	568	632
121 	FJ848785.1	6117	6180
124 	AY509004.1	39284	39342
125 	FJ172391.1	391	454
126 	AP014566.1	37858	37971
127 	M22614.1	1067	1166
128 	M22614.1	1068	1167
129 	AF024666.2	36417	36523
130 	LK055068.1	3101	3200
131 	CP000857.1	4133795	4133895
132 	AP010960.1	4684162	4684261
133 	EU653286.1	310	414
134 	DQ112165.1	81	141
135 	DQ144642.1	333	406
138 	AF313494.1	712	811
140 	JX486126.1	75215	75274
141 	KJ484626.1	150039	150112
142 	JX486126.1	75122	75184
144 	CP000002.3	236317	236417
145 	CP002695.1	218049	218169
147 	CP003739.1	33788	33922
148 	AB074436.1	167	267
151 	CP006044.1	40993	41093
152 	AM117603.1	165	265
154 	CP002621.1	2011582	2011682
157 	AE015451.1	3265505	3265606
158 	CP001063.1	3243629	3243736
159 	HQ386844.1	1212	1312
160 	HG326223.1	1259813	1259883
162 	KJ484634.1	18262	18362
163 	CP003684.1	320140	320247
164 	KJ081792.1	4444	4544
165 	EF592571.1	6751	6852
168 	DQ390458.1	3152	3252
169 	KF921545.1	1423	1523
171 	CP005288.1	407818	407945
172 	CP003739.1	33083	33183
173 	DQ390458.1	3670	3770
176 	CP001122.1	3818	3918
177 	EF646764.1	2052	2152
178 	JN790946.1	4137	4265
180 	CP001182.1	293169	293239
181 	AY862435.1	2552	2614
182 	CP008920.1	234936	235013
183 	AF261825.2	32977	33069
186 	CP007024.1	873624	873724
187 	CP003745.1	85020	85120
188 	CP009116.1	6022	6122
189 	AF261825.2	32897	33036
190 	AY862435.1	2576	2676
191 	GU116857.1	294	394
194 	CP006881.1	4006486	4006586
195 	AF503772.1	93	193
197 	KF738053.1	32756	32856
198 	M15539.1	279	378
201 	CP007391.1	4085789	4085888
202 	AB255167.1	557	653
203 	CP000075.1	3238105	3238212
204 	CP000470.1	207160	207272
205 	JN157804.1	3461	3562
207 	AY048044.2	326	427
208 	CP004027.1	2127732	2127832
209 	AF024666.2	2445	2533
211 	AY665551.1	589	666
212 	AB374546.1	38203	38303
213 	AF153050.1	1360	1460
214 	AF130997.1	3442	3542
215 	AE016830.1	2214681	2214784
216 	GQ484954.1	20651	20751
217 	DQ018710.1	3451	3577
218 	AB247327.1	13180	13280
221 	AB247327.1	16324	16424
222 	AF130997.1	5228	5331
225 	AF015628.1	1661	1742
226 	AF186237.2	5916	5992
228 	AF030344.1	757	839
229 	AY743288.1	264	355
230 	CP002419.1	1686240	1686313
231 	CP003909.1	1392837	1392907
232 	AE004969.1	1323177	1323241
233 	CP002419.1	1685071	1685134
234 	CP000744.1	4674389	4674448
235 	CP006831.1	5150824	5150896
236 	AF515091.1	172	248
240 	AF038993.1	1319	1385
241 	AY866517.2	2485	2553
243 	AE015451.1	1581914	1582146
244 	AE015451.1	1579071	1579174
245 	AE015451.1	1581962	1582051
247 	CP002496.1	2786449	2786736
248 	HM011060.1	31	154
249 	CP000577.1	1563321	1563482
250 	BX294152.1	186134	186192
252 	X79146.1	2050	2135
253 	CP004027.1	1871627	1871694
254 	AE006468.1	1597581	1597650
255 	CP006693.1	1454574	1454645
256 	CP007332.1	996311	996376
257 	CP003786.1	2484436	2484500
258 	AF234999.1	425	487
259 	AF327324.1	128	274
260 	AE014299.2	2493056	2493121
263 	AY008284.1	383	486
265 	GQ900505.1	7594	7675
267 	AF015628.1	1674	1745
268 	AF015628.1	683	761
273 	AM397632.1	220	295
275 	AF019140.1	625	708
276 	X52085.1	1000	1101
278 	AY928180.1	1150	1233
280 	AE005672.3	267681	267820
281 	AF245697.1	209	346
282 	AF245692.1	757	844
285 	CP002047.1	9124608	9124677
286 	AF170704.1	4015	4116
287 	AF244574.1	4504	4572
288 	M16503.1	367	455
289 	AF079138.1	2177	2242
290 	AF079138.1	706	766
291 	L06940.1	158	231
292 	CP004870.1	2828620	2828679
293 	CP002508.1	2938759	2938820
294 	AY304476.1	318	398
296 	CP001283.1	2872461	2872524
298 	CP000034.1	2969298	2969361
299 	CP004027.1	3650052	3650110
300 	CP004027.1	3650052	3650112
303 	AY870595.1	81	140
304 	AY751080.1	196	315
306 	AF192329.1	24286	24346
307 	AY033089.1	3401	3460
308 	EU151752.1	3956	4020
309 	AY489045.1	95	180
310 	AF192329.1	25173	25231
311 	AF162694.1	6229	6288
312 	AY033089.1	4311	4374
313 	AY700375.1	382	465
314 	AF162694.1	4136	4200
315 	AY033089.1	2354	2416
316 	AY271782.1	22986	23055
317 	AE016830.1	2216019	2216094
318 	AY489045.1	2457	2515
321 	AB061440.1	425	491
322 	EF102240.1	11841	11992
323 	CP008826.1	36882	37077
324 	KJ484634.1	18557	18712
325 	JX870080.1	2	201
326 	EF592571.1	6337	6463
327 	GQ856538.1	1315	1547
329 	CP007571.1	1855132	1855317
330 	CP002680.1	892245	892579
331 	FN868897.1	423	780
335 	AF261825.2	30893	31080
336 	KF921545.1	69	285
337 	KF017283.1	1225	1420
338 	DQ533991.1	603	797
339 	DQ282196.1	286	423
341 	M81668.1	173	520
342 	JQ429758.1	4893	5002
343 	AF100173.1	4556	4746
345 	CP006693.1	3411488	3411847
346 	CP008801.1	3460493	3460689
347 	AY434190.1	100	284
348 	CP002365.1	607140	607275
349 	CP009116.1	6024	6097
350 	CP001063.1	380646	380711
351 	HQ386844.1	1286	1351
353 	AY168756.2	1104	1183
354 	EF206287.1	4	64
355 	CP006693.1	1454619	1454680
357 	AF515091.1	172	248
358 	JQ004409.1	17087	17160
359 	CP008790.1	138057	138368
360 	DQ533991.1	603	797
361 	DQ282196.1	286	423
363 	AB976587.1	1346	1447
364 	KF017283.1	1005	1477
365 	EU880929.1	6986	7163
366 	CP003684.1	318156	318335
367 	CP008826.1	36852	36911
368 	AF275256.1	23	853
369 	KC170279.1	24067	24137
370 	KJ668707.1	1622	1690
371 	FJ200197.1	1672	1754
373 	CP002516.1	247015	247088
374 	CP006831.1	475371	475472
375 	EU182575.1	2676	2739
376 	LK937696.1	466471	466758
377 	GQ422829.1	3650	3838
378 	AB032348.1	219	401
379 	AB032348.1	1803	1992
380 	AF311437.2	2075	2253
381 	FJ876827.1	50827	50992
383 	CP001122.1	4453	4510
